-8.87819395459043
-8.810460736236525
-7.699650162874624
14.28544618495578
-10.917877446837476
-5.257765032348326
-5.257802745647586
14.282018028708
-9.399592189952001
-8.0
14.2822589085753
-9.40791443068689
-8.988782554615886
-9.03655980659562
-10.39805133918642
-6.879413176010921
14.284996116414444
-6.951109994337597
-4.147391981651093
-4.4799999999999995
-7.694616278678404
-6.889204358958217
-3.6019132147401987
-8.0
-8.0
-7.114559428607932
-6.948713344655964
-8.0
8.393264721424254
-4.4799999999999995
-13.0688
-12.179464095354646
-12.66162933288043
13.041506218584392
-11.52
8.0
0.0
0.0
0.0
0.0
-10.730685770618212
-5.733842927882758
8.306519428605887
-10.748917523046156
-11.382941308349503
-11.52
-9.507483460197278
-9.473492117162781
-2.021802374397897
-11.52
-9.97859469379075
-3.6950853831561314
-8.78173557958223
-8.0
-10.559086921921471
14.105008174240313
-8.0
-3.446608391599275
-8.98218801261022
-8.0
0.0
0.0
0.0
0.0
0.0
-7.845604498841147
-11.056451219553098
-12.337188285919176
-11.2603969312377
-10.652672
13.45144442105117
-13.0688
-13.0688
-13.449769847526873
-13.0688
0.0
0.0
0.0
0.0
0.0
-10.652778876881428
-12.403199682951726
-10.2984339488835
13.849889992964616
-12.387328
-6.898659745042995
-8.0
14.285305782050377
-4.840109863593976
-6.857146821005312
-8.0
-8.0
-8.0
-4.4799999999999995
14.263797850244421
0.0
0.0
0.0
0.0
0.0
